# This file may be used to create an environment using:
# $ conda create --name <env> --file <this file>
# platform: win-64
blas=1.0=mkl
ca-certificates=2021.4.13=haa95532_1
certifi=2020.12.5=py38haa95532_0
cycler=0.10.0=py38_0
freetype=2.10.4=hd328e21_0
icc_rt=2019.0.0=h0cc432a_1
icu=58.2=ha925a31_3
intel-openmp=2020.2=254
jpeg=9b=hb83a4c4_2
kiwisolver=1.3.1=py38hd77b12b_0
libgpuarray=0.7.6=hfa6e2cd_0
libpng=1.6.37=h2a8f88b_0
libpython=2.1=py38_0
libtiff=4.1.0=h56a325e_1
lz4-c=1.9.3=h2bbff1b_0
m2w64-binutils=2.25.1=5
m2w64-bzip2=1.0.6=6
m2w64-crt-git=5.0.0.4636.2595836=2
m2w64-gcc=5.3.0=6
m2w64-gcc-ada=5.3.0=6
m2w64-gcc-fortran=5.3.0=6
m2w64-gcc-libgfortran=5.3.0=6
m2w64-gcc-libs=5.3.0=7
m2w64-gcc-libs-core=5.3.0=7
m2w64-gcc-objc=5.3.0=6
m2w64-gmp=6.1.0=2
m2w64-headers-git=5.0.0.4636.c0ad18a=2
m2w64-isl=0.16.1=2
m2w64-libiconv=1.14=6
m2w64-libmangle-git=5.0.0.4509.2e5a9a2=2
m2w64-libwinpthread-git=5.0.0.4634.697f757=2
m2w64-make=4.1.2351.a80a8b8=2
m2w64-mpc=1.0.3=3
m2w64-mpfr=3.1.4=4
m2w64-pkg-config=0.29.1=2
m2w64-toolchain=5.3.0=7
m2w64-tools-git=5.0.0.4592.90b8472=2
m2w64-windows-default-manifest=6.4=3
m2w64-winpthreads-git=5.0.0.4634.697f757=2
m2w64-zlib=1.2.8=10
mako=1.1.4=pyhd3eb1b0_0
markupsafe=1.1.1=py38he774522_0
matplotlib=3.3.4=py38haa95532_0
matplotlib-base=3.3.4=py38h49ac443_0
mkl=2020.2=256
mkl-service=2.3.0=py38h196d8e1_0
mkl_fft=1.3.0=py38h46781fe_0
mkl_random=1.1.1=py38h47e9c7a_0
msys2-conda-epoch=20160418=1
numpy=1.19.2=py38hadc3359_0
numpy-base=1.19.2=py38ha3acd2a_0
olefile=0.46=py_0
openssl=1.1.1k=h2bbff1b_0
pillow=8.2.0=py38h4fa10fc_0
pip=21.0.1=py38haa95532_0
pygpu=0.7.6=py38h2a96729_0
pyparsing=2.4.7=pyhd3eb1b0_0
pyqt=5.9.2=py38ha925a31_4
python=3.8.8=hdbf39b2_5
python-dateutil=2.8.1=pyhd3eb1b0_0
qt=5.9.7=vc14h73c81de_0
scipy=1.6.2=py38h14eb087_0
setuptools=52.0.0=py38haa95532_0
sip=4.19.13=py38ha925a31_0
six=1.15.0=py38haa95532_0
sqlite=3.35.4=h2bbff1b_0
theano=1.0.4=py38_0
tk=8.6.10=he774522_0
tornado=6.1=py38h2bbff1b_0
vc=14.2=h21ff451_1
vs2015_runtime=14.27.29016=h5e58377_2
wheel=0.36.2=pyhd3eb1b0_0
wincertstore=0.2=py38_0
xz=5.2.5=h62dcd97_0
zlib=1.2.11=h62dcd97_4
zstd=1.4.9=h19a0ad4_0
